image: /home/team2/maps/lab.pgm
resolution: 0.050000
origin: [-6.107088, -3.409292, 0.000000]
negate: 0
occupied_thresh: 0.65
free_thresh: 0.196

