image: /home/team2/maps/playground.pgm
resolution: 0.050000
origin: [-8.264294, -8.252341, 0.000000]
negate: 0
occupied_thresh: 0.65
free_thresh: 0.196

